0|0|0|0|0|0|0|0|0|0|0|0|0|0|0|0|0|0|0|0|0|0|0,5|0,5|0,5|0|0|0|0|0|0|0|0|0|0|0,5|0,5|1|1|1|0,5|0,5|0|0|0|0|0|0,5|0,5|0,5|1|1|1|1|1|1|1|0,5|0|0|0|0,5|1|1|1|1|0,5|0,5|0,5|0,5|1|1|0,5|0|0|0|0,5|1|1|0,5|0,5|0|0|0|0|0,5|1|1|0,5|0|0,5|1|1|0,5|0|0|0|0|0|0|0,5|1|1|0,5|0|0,5|1|1|0,5|0|0|0|0|0|0|0,5|1|1|0,5|0|0,5|1|1|0,5|0|0|0|0|0|0|0,5|1|1|0,5|0|0,5|1|1|1|0,5|0|0|0|0|0|0,5|1|1|0,5|0|0|0,5|1|1|1|0,5|0|0|0|0|0,5|1|1|0,5|0|0|0|0,5|1|1|1|0,5|0,5|0,5|0,5|1|1|0,5|0|0|0|0|0|0,5|1|1|1|1|1|1|1|0,5|0|0|0|0|0|0|0|0,5|0,5|0,5|1|1|1|0,5|0|0|0|0|0|0|0|0|0|0|0|0,5|0,5|0,5|0|0|0|0|0 0000000001
0|0|0|0|0|0|0|0|0|0|0|0|0|0|0|0|0|0|0|0|0|0|0|0|0|0|0|0|0|0|0|0|0|0|0,5|0,5|0,5|0|0|0|0|0|0|0|0|0|0|0|0,5|1|1|1|0,5|0|0|0|0|0|0|0|0|0|0|0,5|1|1|0,5|0|0|0|0|0|0|0|0|0|0|0,5|1|1|1|0,5|0|0|0|0|0|0|0|0|0|0,5|1|1|1|0,5|0|0|0|0|0|0|0|0|0|0|0,5|1|1|0,5|0,5|0,5|0,5|0,5|0,5|0,5|0,5|0,5|0,5|0,5|0,5|1|1|1|1|1|1|1|1|1|1|1|1|1|1|0,5|1|1|1|1|1|1|1|1|1|1|1|1|1|1|0|0,5|0,5|0,5|0,5|0,5|0,5|0,5|0,5|0,5|0,5|0,5|0,5|0,5|0,5|0|0|0|0|0|0|0|0|0|0|0|0|0|0|0|0|0|0|0|0|0|0|0|0|0|0|0|0|0|0|0|0|0|0|0|0|0|0|0|0|0|0|0|0|0|0|0|0|0|0|0|0|0|0|0|0|0|0|0|0 1000000000
0|0|0|0|0|0|0|0|0|0|0|0|0|0|0|0|0|0|0|0|0|0|0|0|0|0|0|0|0|0|0|0|0|0|0|0|0|0|0|0|0,5|0|0|0|0|0|0|0|0,5|0,5|0|0|0|0|0,5|1|0,5|0|0|0|0|0|0,5|1|1|0,5|0|0|0,5|1|1|1|0,5|0|0|0|0|0,5|1|0,5|0|0|0,5|1|1|0,5|1|0,5|0|0|0|0|0,5|1|0,5|0|0,5|1|1|0,5|0,5|1|0,5|0|0|0|0|0,5|1|0,5|0,5|1|1|0,5|0|0,5|1|0,5|0|0|0|0|0|0,5|1|1|1|0,5|0|0|0,5|1|0,5|0|0|0|0|0|0|0,5|0,5|0,5|0|0|0|0,5|1|0,5|0|0|0|0|0|0|0|0|0|0|0|0|0,5|1|0,5|0|0|0|0|0|0|0|0|0|0|0|0|0,5|1|0,5|0|0|0|0|0|0|0|0|0|0|0|0|0|0,5|0|0|0|0|0|0|0|0|0|0|0|0|0|0|0|0|0|0|0|0|0|0|0|0|0|0|0|0|0|0|0|0|0 0100000000
0|0|0|0|0|0|0|0|0|0|0|0|0|0|0|0|0|0|0|0|0|0|0|0|0|0|0|0|0|0|0|0|0|0|0|0|0|0|0|0|0|0|0|0|0,5|0|0|0|0|0|0|0|0|0|0|0|0|0|0,5|1|0|0,5|0|0|0|0|0|0,5|0|0|0|0|0|0,5|1|0,5|1|0,5|0|0|0|0,5|1|0,5|0|0|0|0|0,5|1|0,5|1|0,5|0|0|0|0,5|1|0,5|0|0|0|0|0,5|1|0,5|1|0,5|0|0|0|0,5|1|0,5|0|0|0|0|0,5|1|0,5|1|0,5|0|0|0,5|1|1|0,5|0|0|0|0|0,5|1|0,5|1|1|0,5|0,5|0,5|1|1|0,5|0|0|0|0|0,5|1|0|0,5|1|1|1|1|1|1|0,5|0,5|0|0|0,5|1|1|0|0|0,5|0,5|0,5|0,5|0,5|1|1|1|0,5|0,5|1|1|0,5|0|0|0|0|0|0|0|0,5|0,5|1|1|1|1|0,5|0|0|0|0|0|0|0|0|0|0|0,5|0,5|0,5|0,5|0|0|0|0|0|0|0|0|0|0|0|0|0|0|0|0|0 0010000000
0|0|0|0|0|0|0|0|0|0|0|0|0|0|0|0|0|0|0|0|0|0|0|0|0|0|0|0|0|0|0|0|0|0|0|0|0|0|0|0|0|0|0|0|0|0|0,5|0,5|0,5|0,5|0,5|0,5|0,5|0|0|0|0|0|0|0|0,5|1|1|1|1|1|1|1|0,5|0|0|0|0|0|0|0|0,5|0,5|0,5|0,5|0,5|0,5|1|0,5|0|0|0|0|0|0|0|0|0|0|0|0|0,5|1|0,5|0|0|0|0|0|0|0|0|0|0|0|0|0,5|1|0,5|0|0|0|0|0|0|0|0|0|0|0|0|0,5|1|0,5|0|0|0|0|0|0|0|0|0|0|0|0|0,5|1|0,5|0|0|0|0|0|0|0|0,5|0,5|0,5|0,5|0,5|0,5|1|0,5|0,5|0,5|0,5|0,5|0,5|0,5|0,5|1|1|1|1|1|1|1|1|1|1|1|1|1|1|0|0,5|0,5|0,5|0,5|0,5|0,5|0,5|0,5|0,5|0,5|0,5|0,5|0,5|0,5|0|0|0|0|0|0|0|0|0|0|0|0|0|0|0|0|0|0|0|0|0|0|0|0|0|0|0|0|0|0 0001000000
0|0|0|0|0|0|0|0|0|0|0|0|0|0|0|0|0|0|0|0|0|0|0|0|0|0|0|0,5|0|0|0|0|0|0|0|0|0|0|0|0|0|0,5|1|0,5|0|0|0|0|0|0|0|0|0|0|0|0|0,5|1|0,5|0|0|0|0|0|0|0|0|0|0|0|0|0,5|1|0,5|0|0,5|0,5|0,5|0,5|0,5|0,5|0,5|0|0|0|0|0,5|1|0,5|0|1|1|1|1|1|1|1|0,5|0|0|0|0|0,5|1|0,5|1|1|0,5|0,5|0,5|0,5|1|0,5|0|0|0|0,5|1|1|0,5|1|1|0,5|0|0|0,5|1|0,5|0|0|0|0,5|1|0,5|0|1|1|0,5|0|0|0,5|1|1|0,5|0,5|0,5|0,5|1|0,5|0|1|1|0,5|0|0|0|0,5|1|1|1|1|1|1|0,5|0|1|1|0,5|0|0|0|0|0,5|0,5|0,5|0,5|0,5|0,5|0|0|1|1|0,5|0|0|0|0|0|0|0|0|0|0|0|0|1|1|0,5|0|0|0|0|0|0|0|0|0|0|0|0|1|0,5|0|0|0|0|0|0|0|0|0|0|0|0|0 0000100000
0|0|0|0|0|0|0|0|0|0|0|0|0|0|0|0|0|0|0|0|0|0|0|0|0|0|0|0|0|0|0|0|0|0|0|0,5|0,5|0,5|0,5|0,5|0|0|0|0|0|0|0|0|0|0,5|1|1|1|1|1|0,5|0|0|0|0|0|0|0|0,5|1|1|1|1|1|1|1|0,5|0|0|0|0|0|0,5|1|1|1|0,5|0,5|0,5|0,5|1|1|0,5|0|0|0|0|0,5|1|1|1|0,5|0|0|0|0,5|1|1|0,5|0|0|0,5|1|1|0,5|1|0,5|0|0|0|0,5|1|1|0,5|0|0,5|1|1|0,5|0,5|1|0,5|0|0|0|0,5|1|1|0,5|0|1|1|0,5|0|0,5|1|1|0,5|0,5|0,5|1|1|1|0,5|0|1|0,5|0|0|0|0,5|1|1|1|1|1|0,5|0,5|0|0|1|0,5|0|0|0|0|0,5|0,5|0,5|0,5|0,5|0|0|0|0|1|0,5|0|0|0|0|0|0|0|0|0|0|0|0|0|0,5|0|0|0|0|0|0|0|0|0|0|0|0|0|0|0|0|0|0|0|0|0|0|0|0|0|0|0|0|0 0000010000
0|0|0|0|0|0|0|0|0|0|0|0|0|0|0|0|0,5|0|0|0|0|0|0|0|0|0|0|0|0|0|0,5|1|0,5|0|0|0|0|0|0|0|0|0|0,5|0,5|0|0,5|1|0,5|0|0|0|0|0|0|0|0|0,5|1|1|0,5|0,5|1|0,5|0|0|0|0|0|0|0,5|0,5|1|1|0,5|0|0,5|1|0,5|0|0|0|0|0|0,5|1|1|1|0,5|0|0|0,5|1|0,5|0|0|0|0|0,5|1|1|0,5|0,5|0|0|0|0,5|1|0,5|0|0|0|0,5|1|1|0,5|0|0|0|0|0|0,5|1|0,5|0|0|0,5|1|1|0,5|0|0|0|0|0|0|0,5|1|0,5|0|0,5|1|1|0,5|0|0|0|0|0|0|0|0,5|1|0,5|0,5|1|1|0,5|0|0|0|0|0|0|0|0|0,5|1|1|1|1|0,5|0|0|0|0|0|0|0|0|0|0,5|1|1|1|0,5|0|0|0|0|0|0|0|0|0|0|0,5|1|1|0,5|0|0|0|0|0|0|0|0|0|0|0|0|0,5|0,5|0|0|0|0|0|0|0|0|0|0|0|0 0000001000
0|0|0|0|0|0|0|0|0|0|0|0|0|0|0|0|0|0|0|0|0|0|0|0|0|0|0|0|0|0|0|0|0|0|0|0|0|0|0|0|0,5|0,5|0,5|0|0|0|0|0|0|0|0|0|0|0|0,5|1|1|1|0,5|0|0|0|0,5|0,5|0,5|0,5|0,5|0|0|0,5|1|0,5|0,5|1|0,5|0|0,5|1|1|1|1|1|0,5|0,5|1|1|0,5|0,5|1|0,5|0,5|1|1|0,5|0,5|0,5|1|1|0,5|1|0,5|0|0,5|1|0,5|0,5|1|0,5|0|0|0|0,5|1|1|0,5|0|0|0,5|1|0,5|0,5|1|1|0,5|0,5|0,5|1|1|1|1|0,5|0|0,5|1|0,5|0,5|1|1|0,5|1|1|1|0,5|0,5|1|1|0,5|0,5|1|0,5|0|0,5|1|1|1|0,5|0,5|0|0|0,5|0,5|1|1|1|0,5|0|0|0,5|0,5|0,5|0|0|0|0|0|0|0,5|0,5|0,5|0|0|0|0|0|0|0|0|0|0|0|0|0|0|0|0|0|0|0|0|0|0|0|0|0|0|0|0|0|0|0|0|0|0|0|0|0|0|0|0|0|0|0|0|0|0 0000000100
0|0|0|0|0|0|0|0|0|0|0|0|0|0|0|0|0|0|0|0|0|0|0|0|0|0|0,5|0|0|0|0|0|0|0|0|0|0|0|0|0|0,5|1|0,5|0|0|0|0|0|0|0|0|0|0|0|0|0,5|1|1|0,5|0|0|0|0,5|0,5|0,5|0,5|0|0|0|0|0|0,5|1|0,5|0|0|0,5|1|1|1|1|0,5|0|0|0|0|0,5|1|0,5|0|0,5|1|1|0,5|0,5|1|1|0,5|0|0|0|0,5|1|0,5|0|0,5|1|0,5|0|0|0,5|1|0,5|0|0|0|0,5|1|0,5|0|0,5|1|0,5|0|0,5|1|1|0,5|0|0,5|0,5|1|0,5|0|0|0,5|1|1|0,5|1|1|0,5|0,5|0,5|1|1|0,5|0|0|0|0|0,5|1|1|1|1|1|1|1|1|0,5|0|0|0|0|0|0|0,5|0,5|0,5|0,5|0,5|0,5|0,5|0,5|0|0|0|0|0|0|0|0|0|0|0|0|0|0|0|0|0|0|0|0|0|0|0|0|0|0|0|0|0|0|0|0|0|0|0|0|0|0|0|0|0|0|0|0|0|0|0|0|0|0 0000000010
0|0|0|0|0,5|0|0|0|0|0|0|0|0|0|0|0|0|0|0,5|1|0,5|0|0|0|0|0|0|0|0|0|0|0|0|0,5|1|0,5|0|0|0|0|0|0|0|0|0|0|0|0,5|1|1|0,5|0|0|0|0|0|0|0|0|0|0|0|0,5|1|1|0,5|0|0|0|0|0|0|0,5|0,5|0,5|0|0,5|1|1|0,5|0|0,5|0,5|0,5|0,5|0,5|0,5|1|1|1|0|0,5|1|1|0,5|0,5|1|1|1|1|1|1|1|1|0,5|0,5|1|1|1|1|1|1|1|1|1|1|1|0,5|0,5|0|0,5|1|1|1|1|1|1|1|0,5|0,5|0,5|0,5|0|0|0|0|0,5|1|1|0,5|0,5|0,5|0,5|0|0|0|0|0|0|0|0|0|0,5|0,5|0|0|0|0|0|0|0|0|0|0|0|0|0|0|0|0|0|0|0|0|0|0|0|0|0|0|0|0|0|0|0|0|0|0|0|0|0|0|0|0|0|0|0|0|0|0|0|0|0|0|0|0|0|0|0|0|0|0|0|0|0|0|0|0|0|0|0|0|0|0|0 1000000000
0|0|0|0|0|0|0|0|0|0|0|0|0|0|0|0|0|0|0|0|0|0|0|0|0|0|0|0,5|0,5|0|0|0|0,5|0,5|0|0|0|0|0|0|0|0,5|1|1|0,5|0|0,5|1|1|0,5|0|0|0|0|0|0|0,5|1|1|0,5|0|0,5|1|0,5|0|0|0|0|0|0|0,5|1|1|1|0,5|0|0,5|1|0,5|0|0|0|0|0|0|0,5|1|1|1|0,5|0|0,5|1|0,5|0|0|0|0|0|0,5|1|0,5|1|1|0,5|0|0,5|1|0,5|0|0|0|0|0,5|1|0,5|0,5|1|1|0,5|0|0,5|1|0,5|0|0|0,5|0,5|1|1|0,5|0,5|1|1|0,5|0|0,5|1|0,5|0,5|0,5|1|1|1|0,5|0|0,5|1|1|0,5|0|0,5|1|1|1|1|1|0,5|0,5|0|0|0|0,5|1|0,5|0|0|0,5|0,5|0,5|0,5|0,5|0|0|0|0|0|0,5|1|0,5|0|0|0|0|0|0|0|0|0|0|0|0|0,5|1|0,5|0|0|0|0|0|0|0|0|0|0|0|0|0|0,5|0|0|0|0|0|0|0|0|0|0|0|0|0|0|0|0 0100000000
0|0|0|0|0|0|0|0|0|0|0|0|0|0|0|0|0|0|0|0|0|0|0|0|0|0|0,5|0|0|0|0|0|0|0|0|0|0|0|0|0|0,5|1|0,5|0|0|0|0|0|0|0|0|0|0|0|0|0,5|1|0,5|0|0|0|0|0,5|0|0|0|0|0,5|0|0|0,5|1|0,5|0|0|0|0,5|1|0,5|0|0|0,5|1|0,5|0|0,5|1|0,5|0|0|0|0,5|1|0,5|0|0|0,5|1|0,5|0|0,5|1|0,5|0|0|0|0,5|1|0,5|0|0|0,5|1|0,5|0|0,5|1|0,5|0|0|0|0|0,5|1|0,5|0|0,5|1|1|0,5|0,5|1|0,5|0|0|0|0|0,5|1|1|0,5|0,5|1|1|0,5|0,5|1|0,5|0|0|0|0|0|0,5|1|1|1|0,5|1|0,5|1|0,5|0|0|0|0|0|0|0|0,5|0,5|0,5|0,5|1|1|1|0,5|0|0|0|0|0|0|0|0|0|0|0|0,5|0,5|0,5|0|0|0|0|0|0|0|0|0|0|0|0|0|0|0|0|0|0|0|0|0|0|0|0|0|0|0|0|0|0|0|0|0|0 0010000000
0|0|0|0|0|0|0|0|0|0|0|0|0|0|0|0|0|0|0|0|0|0,5|0,5|0|0|0|0|0|0|0|0|0|0|0|0|0,5|1|1|0,5|0|0|0|0|0|0|0|0|0|0|0,5|1|1|1|0,5|0|0|0|0|0|0|0|0|0|0,5|1|1|1|1|0,5|0|0|0|0|0|0|0|0|0|0,5|1|1|0,5|1|0,5|0|0|0|0|0|0|0|0|0,5|1|1|0,5|0,5|1|0,5|0|0|0|0|0|0|0|0,5|1|1|0,5|0|0,5|1|0,5|0|0|0|0|0|0|0,5|1|1|1|0,5|0,5|0,5|1|0,5|0|0|0|0|0|0|0,5|1|1|1|1|1|1|1|1|0,5|0,5|0,5|0,5|0,5|0,5|0|0,5|1|1|1|1|1|1|1|1|1|1|1|1|1|0|0|0,5|0,5|0,5|0,5|0,5|0,5|0,5|0,5|0,5|0,5|0,5|0,5|0,5|0|0|0|0|0|0|0|0|0|0|0|0|0|0|0|0|0|0|0|0|0|0|0|0|0|0|0|0|0|0|0|0|0|0|0|0|0|0|0|0|0|0|0|0|0 0001000000
0|0|0|0|0|0|0|0|0|0|0|0|0|0|0|0|0|0|0|0|0|0|0|0|0|0|0|0|0|0|0|0|0|0|0|0|0|0|0|0|0|0|0|0|0|0|0|0|0|0|0|0|0|0|0|0|0,5|0|0|0|0|0|0|0|0|0|0|0|0|0|0,5|1|0,5|0|0|0|0|0|0|0|0,5|0,5|0|0|0|0|0,5|1|0,5|0|0|0|0|0|0,5|1|1|0,5|0|0|0|0,5|1|0,5|0|0|0,5|0,5|0,5|1|1|1|0,5|0|0|0|0,5|1|0,5|0|0,5|1|1|1|1|0,5|1|0,5|0|0|0|0,5|1|0,5|0|0,5|1|1|0,5|0,5|0,5|1|0,5|0|0|0|0,5|1|0,5|0|0,5|1|1|0,5|0|0,5|1|1|0,5|0|0|0,5|1|0,5|0|0,5|1|0,5|0|0|0|0,5|1|0,5|0,5|0,5|1|1|0,5|0|0,5|1|0,5|0|0|0|0|0,5|1|1|1|0,5|0,5|0|0|0,5|1|0,5|0|0|0|0|0|0,5|0,5|0,5|0|0|0|0|0,5|1|0,5|0|0|0|0|0|0|0|0|0|0|0|0 0000100000
0|0|0|0|0|0|0|0|0|0|0|0|0|0|0|0|0|0|0|0|0|0,5|0,5|0,5|0,5|0,5|0,5|0,5|0,5|0,5|0|0,5|0,5|0,5|0,5|0,5|1|1|1|1|1|1|1|1|1|0,5|1|1|1|1|1|1|1|0,5|0,5|0,5|1|1|1|1|0,5|1|1|1|0,5|0,5|1|0,5|0|0|0|0,5|0,5|1|1|0,5|1|1|0,5|0|0,5|1|0,5|0|0|0|0|0|0,5|1|0,5|1|0,5|0|0|0,5|1|0,5|0|0|0|0|0|0,5|1|1|1|0,5|0|0|0,5|1|1|0,5|0|0|0|0|0,5|1|1|1|0,5|0|0|0,5|1|1|0,5|0|0|0|0|0,5|1|1|1|0,5|0|0|0,5|1|1|0,5|0|0|0|0,5|1|1|1|1|0,5|0|0|0|0,5|1|1|0,5|0|0|0,5|1|1|0,5|0,5|0|0|0|0|0,5|1|1|1|0,5|0,5|1|1|1|0|0|0|0|0|0|0|0,5|1|1|1|1|1|1|1|0|0|0|0|0|0|0|0|0,5|1|1|1|1|0,5|0,5|0|0|0|0|0|0|0|0|0|0,5|0,5|0,5|0,5|0|0 0000010000
0|0|0|0|0|0|0|0|0|0|0|0|0|0|0|0|0,5|0,5|0|0|0|0|0|0|0|0|0|0|0|0|0,5|1|1|0,5|0|0|0|0|0|0|0|0|0|0|0|0,5|1|0,5|0|0|0|0|0|0|0|0|0|0|0|0|0,5|1|0,5|0|0|0|0|0|0,5|0|0|0|0|0|0|0,5|1|0,5|0|0|0|0|0,5|1|0,5|0|0|0|0|0|0,5|1|0,5|0|0|0|0|0,5|1|0,5|0|0|0|0|0,5|0,5|1|0,5|0|0|0|0|0,5|1|0,5|0|0|0,5|0,5|1|0,5|1|0,5|0|0|0|0|0,5|1|0,5|0,5|0,5|1|1|1|0,5|1|0,5|0|0,5|0,5|0,5|0,5|1|1|1|1|1|0,5|0,5|0,5|1|0,5|0,5|1|1|1|1|1|1|0,5|0,5|0,5|0|0|0,5|1|1|1|1|0,5|0,5|0,5|1|0,5|0|0|0|0|0|1|1|0,5|0,5|0,5|0|0|0,5|1|0,5|0|0|0|0|0|0,5|0,5|0|0|0|0|0|0,5|1|0,5|0|0|0|0|0|0|0|0|0|0|0|0|0,5|1|0,5|0|0|0|0 00000001000
0|0|0|0|0|0|0|0|0|0|0|0|0|0|0|0|0|0|0|0|0|0|0|0|0|0|0|0|0|0|0|0|0,5|0,5|0,5|0|0|0|0|0|0,5|0,5|0,5|0,5|0|0|0,5|1|1|1|0,5|0|0|0|0,5|1|1|1|1|0,5|0,5|1|1|0,5|1|1|0,5|0|0,5|1|1|0,5|0,5|1|0,5|0,5|1|0,5|0|0,5|1|1|0,5|1|1|0,5|0|0,5|1|1|0,5|1|0,5|0|0|0,5|1|0,5|1|0,5|0|0|0|0,5|1|0,5|1|1|0,5|0|0|0,5|1|1|0,5|0|0|0|0,5|1|0,5|1|1|0,5|0|0,5|1|1|1|0,5|0|0|0,5|1|1|0|0,5|1|1|0,5|1|1|0,5|1|1|0,5|0,5|0,5|1|0,5|0|0|0,5|1|1|0,5|0,5|0|0,5|1|1|1|1|1|0,5|0|0|0|0,5|0,5|0|0|0|0|0,5|0,5|1|1|0,5|0|0|0|0|0|0|0|0|0|0|0|0|0,5|0,5|0|0|0|0|0|0|0|0|0|0|0|0|0|0|0|0|0|0|0|0|0|0|0|0|0|0|0|0|0|0|0|0 0000000100
0|0|0|0|0|0|0|0|0|0|0|0|0|0|0,5|0|0|0|0|0|0|0|0|0|0|0|0|0|0,5|1|0|0|0|0,5|0,5|0,5|0,5|0,5|0|0|0|0|0|0,5|1|0|0|0,5|1|1|1|1|1|0,5|0|0|0|0|0,5|1|0|0,5|1|1|0,5|0,5|0,5|1|0,5|0|0|0|0|0,5|1|0,5|1|1|0,5|0|0|0,5|1|0,5|0|0|0|0|0,5|1|0,5|1|1|0,5|0|0|0,5|1|0,5|0|0|0|0|0,5|1|0,5|1|0,5|0|0|0|0,5|1|0,5|0|0|0|0|0,5|1|0,5|1|0,5|0|0|0,5|1|1|0,5|0|0|0|0,5|1|1|0,5|1|1|0,5|0,5|1|1|1|0,5|0,5|0,5|0,5|1|1|0,5|0,5|1|1|1|1|1|1|1|1|1|1|1|1|1|0,5|0|0,5|1|1|1|1|1|1|1|1|1|0,5|0,5|0,5|0|0|0|0,5|0,5|0,5|0,5|0,5|0,5|0,5|0,5|0,5|0|0|0|0|0|0|0|0|0|0|0|0|0|0|0|0|0|0|0|0|0|0|0|0|0|0|0|0|0|0|0|0|0|0 0000000010