[
  [
    [
      -0.67019828975453477,
      1.0322408399228207,
      0.84929140083919186,
      0.71524782585604663,
      0.32352759793858121,
      0.379259112655708
    ],
    [
      -0.77478153084871182,
      0.39109106263652016,
      0.92306577589500338,
      -0.11727328763301693,
      0.1139741200209877,
      0.34030862513192583
    ],
    [
      0.62364676162468169,
      -0.36676714480801,
      0.45771852240960803,
      -0.020195613545341263,
      -2.1320976938905307,
      0.027435635137982979
    ],
    [
      1.2872396513730315,
      0.38127896359618757,
      0.77410212418890678,
      -0.25985399172157431,
      -1.6277807778977245,
      0.088958676388876362
    ],
    [
      1.0201434671150254,
      -0.0029589911195970682,
      0.41664339047683552,
      -0.56120360022183968,
      1.253802741980405,
      -2.0166126054613573
    ],
    [
      0.35556045993182084,
      0.031831939700468548,
      0.79214667550836493,
      -0.888068383560523,
      1.2119430513952989,
      -1.8301309013704057
    ],
    [
      2.4459454692174329,
      -0.18241046751749682,
      0.719334644444092,
      0.94454536128284738,
      1.4272124636205512,
      1.8779498557739618
    ],
    [
      2.400438469833984,
      -0.27562598619194506,
      0.45540431193990744,
      1.0776594738859207,
      1.9686092787367868,
      2.0427108859658527
    ]
  ],
  [
    [
      -1.8258470128326871,
      2.2976271409870339,
      1.3996883100016286,
      2.2349226988172557
    ],
    [
      3.9949252159611803,
      0.48237661822039835,
      1.1543512093921418,
      -0.66664302825394528
    ],
    [
      3.0624367336552676,
      2.7799790298308755,
      1.6105861227228662,
      0.29059721965534197
    ],
    [
      1.5747581658024874,
      0.50346319825193164,
      -1.6520813651461526,
      1.2717496075819115
    ],
    [
      0.12697439475754069,
      -3.695467396262333,
      2.0946806751326723,
      1.8574678126615445
    ],
    [
      -0.25505381369332142,
      -0.57323215789299009,
      -2.7690866978752218,
      2.3575122802324939
    ]
  ]
]
